34620162
49316609
29069413
52671591
32187992
29754348
33598437
49800257
38149897
46542711
48940263
10309794
38529225
33896781
26497308
39709712
43889537
35927853
16365878
33040149
35593601
1869315
16143728
16655645
49864168
50153056
36324724
30370024
30691484
33130366
40425546
40612262
31068708
43846840
27242607
41517181
51827299
49346057
9427868
18030048
45708473
2107696
37559576
33607061
16640603
18625919
33634726
18872858
36560083
24403493
41686429
37249158
44200979
49692306
32454909
18038670
38967379
744242
33287123
37446311
18848701
4812243
36109805
8662518
41173094
19802994
26776753
31842746
25526935
25055293
36912075
42365407
4175883
38356103
36995585
10161682
28838673
33589520
29891345
45937813
33426203
33984608
42338062
49388478
43533510
49646326
31038229
13881577
35766955
43426918
14411271
31355685
10253315
14055238
12333241
28204341
11409841
41291175
22579989
41856037
45412157
27021289
50291816
10914054
26288359
25510829
25845370
45686506
45306598
35447278
22651452
39701303
48699809
27194252
41799821
24802481
24449713
32381165
42343828
35064814
13436143
44691539
14732164
31249607
39003071
36550335
33636404
40593588
10069087
44376909
45530507
40471140
44441219
33595046
20205689
26795790
30288174
22429718
42632766
52384717
24307196
37234937
12960244
6968151
36926747
469140
8594460
42592747
20445206
14332936
31854564
40911680
35548505
11596183
17529799
49748862
49444794
49771515
44587841
50823491
38410089
24302816
39976938
21655597
29513594
24538131
43006534
10035471
2863530
17993535
52649573
22126823
45818439
26874261
23778843
20207104
39439269
25441986
49589617
49770556
44056608
40614189
38728603
9486927
45694875
45733780
12531224
38924724
34426558
21821850
26624931
27389454
47792642
35630218
26652463
34176893
41131502
22083516
12596993
31146323
12318667
27219826
52363247
25764881
34626927
50312741
51561670
40645720
34707354
28621986
50997741
44208170
16509013
9544410
22321716
28864097
25135178
33071122
13950330
8657610
23442372
39923670
19099537
33577860
49926780
42603884
22794409
26854907
12958770
34294699
35018575
36117267
41725492
41746645
33467390
35628533
552639
35037673
43823124
1654302
27287158
40934662
33396369
16217966
28528647
42317322
30081544
10364578
49273942
21647093
32392636
51388456
18479125
23300674
15427585
45732082
44131927
29180542
32681946
35693208
32085433
28931776
22751906
45383876
36576523
53045965
20407916
33220972
47193398
43831486
34521858
29005536
50401551
1948494
21320851
34778794
35175941
31187151
30468266
45652742
40369572
32624086
19361742
17381965
18951416
24893756
23695384
39622401
23069030
3946177
22427491
48942437
36150813
27672277
14589378
34107543
22876092
18850799
42512472
49908668
46898862
24355147
42763150
42529603
24700919
31037448
44472511
25018147
39040376
16362158
16704257
50381056
49707808
49144714
45308206
20207401
37270243
25794157
28767418
45425730
43414522
33655278
33011413
39815178
30759448
37295099
49920505
30000929
30723131
19600118
47051386
39075887
50035240
42052419
19190183
26302438
38776669
39868357
13320183
11849199
44355095
46390721
1777194
9747916
25165026
42752626
26745276
18432894
11359148
34347074
49237094
7890338
40292818
12504525
22916805
28512558
17917418
27927293
39364601
16712953
37538742
35030004
52165328
44232646
42456154
23943627
38891488
39638942
17992512
23501368
47899220
38371806
14758161
41814403
27346599
16424565
33547426
26340368
42253104
36832135
45672949
28895600
27693630
23514636
48135198
47941354
37106638
16621379
50578893
32162506
8082577
21786774
15774003
23463460
47733412
14690845
50795818
27851783
44056537
40958930
786685
47156759
7239188
45718442
38115703
37478868
18051229
12668874
37386968
17266124
8423636
47872996
13630360
50955423
21435800
14330267
39560580
45952007
12931756
46340227
29877943
31163037
30851304
9770854
52882059
15583957
49440365
17153022
21138717
31801225
9768373
25000805
46745276
37009216
18867401
52381125
26320074
23748826
25829784
2640854
49044619
36032363
11136549
28240944
52318130
26772558
1856109
37655428
3281344
39236076
38531044
35807138
32904842
36636547
39950170
43197566
38520275
12617622
15531352
28513774
19109115
3283409
13364129
45284036
42820254
34534589
38183562
24806141
23466919
49943739
14665418
35280436
37700655
14680999
20589368
3939840
22110197
26066860
16268109
22510888
52404336
44424282
22384581
32775053
22207747
20322400
10165313
40011270
21465739
6198704
1379130
34113561
30531714
7673007
39685422
27107124
22918723
11588697
44002050
31912019
27498398
17823383
25426354
12539292
25215531
6549527
27245203
46408677
40460788
14605769
26037496
4443443
13562941
44096314
29631361
19742507
37228641
42491360
27499168
48639298
32888970
32373249
12639647
49083454
45984568
20881101
42583408
48121560
48636094
30087365
31872857
39313142
29871616
12662793
37490121
16310571
22603727
29364889
13728371
44452286
951365
3553768
45927831
17660501
44930432
32889651
47892726
50243748
49099609
50551031
17329473
39474998
30877365
14673711
35812127
40689025
32214669
23786629
13071483
33610025
39691646
33209105
45845036
21558261
45922525
26628506
37040404
18836532
1590153
25360241
43640416
20379858
31684570
23271535
31294395
11412697
36266300
14018491
28420430
34985508
34635490
50399701
46274340
37289392
8468138
6875721
22300218
23050833
15261073
14117432
35504611
36297335
37093438
41722316
40907283
10089333
40477577
33652799
49607178
49729986
29008767
27379837
51688605
43893896
45407181
44438982
32700902
9580758
13881622
42531622
27451542
39314973
30155786
30851612
24255759
8033904
23715804
40734343
29780863
22501213
49474497
29637328
28055541
30788330
23650568
24093859
31170463
44570686
42174625
17990668
23565676
18346825
49501707
23727037
33016700
41772131
23684864
30416134
45093410
43313202
40427202
45066310
37801424
12348368
31950398
40943894
590287
50053430
46436583
36896296
39385821
39998149
43593013
36047252
45171411
49628607
37207723
35204801
44052448
42758764
13341087
14084782
11899423
126443
34510107
33632312
31924275
42802649
13339455
22169128
42762607
11372267
36967121
23715675
21739202
21816519
8767366
48716843
2320404
34958669
33787606
52436688
9400886
33459348
11842507
5320983
12843786
30502708
42379093
31990505
3631750
45254471
43825667
48367356
38791240
27665040
19585651
16335516
33338634
5343821
30346837
13642019
41891145
39548546
49528361
39560095
2644458
16529009
33868313
32303603
28533267
52789194
30437081
45826954
37793772
15533151
26736103
27671084
29308936
31483156
25794804
48676981
39904727
31667621
13814227
5408694
33701473
29400891
44548074
21962131
36319723
37642351
1974685
35379830
26102101
784620
36139250
31167444
45261830
38782035
37987045
43633650
3281353
33368981
26704767
25768193
33997137
13605192
27494000
32811122
3963635
13631152
29976961
23186843
12877129
31679597
31890838
35493195
18036800
50408227
34444541
13614439
49212138
24540015
22190747
40127364
39476966
32649686
34419332
39375091
40711892
18443210
36997513
46706759
38949214
28578921
40277799
33541887
50943099
50009928
30268642
39769523
33042877
41543808
33311665
29304801
41106443
18504862
4576206
51020915
3429640
15181459
33086551
27022831
28580859
42782216
24026667
45944408
27348309
33542164
32075608
35941961
49861555
50177212
44192553
36284712
32840421
45594008
38095282
45504439
10666314
44793120
319646
32913641
48358899
45879490
43834227
18077042
23012033
6883096
3653931
1144861
27678606
23262175
38481668
16224901
33174673
7825400
3634873
45407628
34565300
29850070
7672433
23750536
37727823
12688050
42839240
19929279
8692831
4020943
11312612
30668610
31546508
31963337
13890217
34970987
14015984
31300825
19829095
30098629
26296813
37445828
4889706
25229654
48657681
25684935
44686963
50121595
22047314
17367187
23124324
24287286
36115258
17982210
52458146
32856742
38696884
35528913
38933996
13696235
5557092
33980184
11955185
12760838
31948761
22515112
32533738
40282544
19965366
33290809
39440917
29072721
27157354
25305938
17243647
6899760
46091331
18024956
37588918
27773270
22873250
25475545
49483041
21457286
44072251
47835024
10057826
35138613
42433863
43493416
4800921
25106503
41816398
25719358
16214707
37528370
42604005
16153411
34608786
46987549
24594184
33639768
31604247
45519947
41777470
15927523
44152583
52021050
41771796
23013863
45683043
25437587
13595845
47869588
34547706
19547711
10038170
25106049
42402219
28190467
52905921
36759091
17592160
46933406
44651097
20900620
38153964
8967384
22176005
42260426
26558500
45949381
45445875
38322050
13006794
41754438
38311874
31865044
14133870
40628444
469638
40157361
32360679
30505090
49937989
20150237
33061311
27891791
42867580
25704591
29660881
6438456
45701033
23318489
30443030
45719180
21804600
24339530
24984762
41365492
9633662
17327586
49908117
11479452
10349116
20613339
36726225
51003110
31562363
35751803
30311627
45394349
38184914
42925460
25017442
30438690
35670892
31490902
40416728
35758046
19443242
15187369
21110709
23274386
38329058
6762407
17653899
40863227
25932709
5119210
42419803
29304652
22099758
25866106
19385911
21877707
45870266
32786031
22266820
47974969
34995563
16427610
23348678
29453151
41380850
27364971
17478076
14586418
22802583
21809773
17716523
35573371
14517924
20417815
26140668
50708982
33454547
17122054
24392439
35933395
18753757
40575443
30120832
35025921
20518193
42683763
35258753
40469354
32203745
51040477
29641131
29779296
23377258
40074700
41734497
42445217
42093867
29730319
49238286
37275422
32525333
36916172
11044453
33285484
8664611
27717158
13150741
28747890
26716805
25121101
30551807
41039226
38725189
40653398
16227154
45766892
24630271
41276662
51917088
34599555
33026499
32033391
39020179
1766846
36623908
45458791
34672951
13051009
49800798
22494664
40893641
33440525
22871581
39720088
31493928
33507389
8980805
30012109
34357051
50026951
2647478
30810000
22507609
38308054
25778529
39932617
9178630
14368620
37009846
31195855
10870083
34614843
36923824
30457277
21271930
42640442
22752094
22321964
45719762
28556153
36068978
52246989
41870689
3932792
41998952
21874640
47574107
52020887
31180424
10216203
24911413
24910361
31223603
40481778
41597264
20957277
11144250
51451157
50416793
49949849
24005645
18375181
5612413
52676904
13717754
9760769
38624089
48515630
47732603
44230055
46043898
28575393
25728564
34948476
43360696
10660249
24720235
37533372
33566324
44390908
19856481
38248778
41383676
34161599
33638613
52362873
37250452
44623603
17506477
47814741
46523457
819740
36487317
24489492
48062301
8068061
32483976
45897458
23223060
42282238
35525556
16994637
23592525
39686836
49898394
21963173
23936637
23082151
12284280
36199496
41202497
33749154
30767659
49377790
27872405
48879282
13848005
51149385
33978240
9643721
40667922
16677170
22953622
49783289
31302201
40284419
30242387
20927966
31802291
18037006
24188354
43819509
27210634
36059156
22507493
47493612
41087560
21482918
46034437
48645050
34019317
33484341
18653201
15188621
24369857
33767914
22502610
46469883
7518928
42779913
24070644
19134066
23808189
37137739
45605866
48654449
40628670
50839182
41959247
41396069
34027878
14334794
2211837
36791609
44652034
10118143
42107002
32276490
36309174
12875272
40675334
50933837
28150329
33594721
36228689
13778145
43653369
37345655
28383745
24340625
21504803
32653258
21493665
44079709
38553381
13436258
45763207
31414888
11579227
45896862
36816172
41758056
34734886
21550842
250007
40613426
39956299
43701283
25467137
21900543
36385717
39749929
16616853
4027713
13153265
33697666
31204536
25661877
48657187
5029402
35144324
33962294
44056433
32027068
41909614
16407461
40517122
42024054
41179503
20610320
43379173
13825154
35492333
1697691
51703788
43751800
11111075
19685688
39263029
25564019
17936786
40555941
42975337
20766863
35257699
18954460
29631679
11276488
39238995
38020017
27900934
33285128
33040219
42703957
30292659
37818738
39028148
40423215
13739424
15220506
34833826
28798099
35339534
18762925
52027169
11114607
34361793
46350355
6516344
40609549
28466748
41616614
2327893
45482148
44905830
39268619
31890149
37175718
18851574
45668304
31480876
42260632
36583547
15749845
9126561
36369224
51674323
39381342
46112777
18499262
24880934
46448175
33535483
42850577
31638527
34541403
32083132
16307092
45647175
33281969
26651752
19669623
29486863
49003714
43728551
35526973
42495508
52303578
30013485
27689366
24226175
24806110
17542914
5849991
23743497
32983409
2578222
44454150
52403404
42037807
33043541
49230116
24129557
40243900
14649703
34972278
15328271
39185027
20727029
15568616
41596532
31371214
31731184
51312764
15855755
41424134
23725946
26620526
23218707
15528972
49212554
31625499
39462693
38831258
17248060
45064993
11565071
38749150
32241239
38749329
17667654
33072369
33132554
29099918
41846205
2630315
11383887
42669255
34099888
40909218
9380759
41000887
10055925
44803617
44800374
5557959
37594699
41895829
43279130
25186882
32005782
44028661
35603155
24628651
27823763
33479338
45949040
30082832
42110474
44169070
18358660
39461941
14208866
10890756
48247585
4140581
4792529
28797228
17726147
23728057
10165181
43355067
52534962
36753288
17097239
44098912
13998223
22628209
24889024
19260655
22147952
40030645
49107036
43775550
32510629
44695802
30004709
11275822
40637732
39330170
44690705
11279202
40187498
35423208
27101216
40648153
13683074
9037628
26119475
33797014
21076814
23700696
38871539
35310986
10543466
21946440
37446212
42060479
39497502
27010906
27973977
4115327
34635504
20450331
35860423
30811544
11942195
52026903
30093843
20406216
22558867
13742979
28054965
31251971
45678501
17803900
42564537
18564222
26224371
26194606
11606080
47922935
32411017
43633273
27850382
44475869
33881866
23299633
8268849
33134411
35645171
9839151
31847373
8343222
22488194
40735445
37458419
25436811
13228093
26216482
9866197
13341189
17988020
41006478
36630200
18521768
49233019
14333714
11197931
48830356
27399627
27195600
23327962
2918244
50331528
2921073
42527933
14724495
4881420
16138501
24705085
33920261
35404407
51266380
15851225
40114870
42476703
52585696
44701567
24741939
37685472
29281002
44555016
13044589
45326505
40332462
43968302
41902771
6396705
34193507
33180505
45786058
43669374
3198365
41900007
16392681
33596988
32760650
12060184
25062470
43156403
40673138
38482767
25909161
11978306
9296302
38224873
50671110
42788208
26250574
45706580
11182063
33526710
2483040
29157289
52792657
46420715
32456949
8404360
36626892
33394636
22135844
20755043
48532544
44047761
32288131
20071024
38790425
36379540
42632002
35179082
27825330
40582987
49777208
37132673
38892835
25663882
43720106
20051343
45408206
18507725
4026150
20153406
34204913
50279149
36948174
30883193
17687950
22227015
43912785
27569464
44188459
22398636
35821392
20858546
9063238
48259744
25384244
7398954
43864410
43901287
44178660
48152420
42826080
40277968
24682171
34669693
49987009
13724284
49978399
30291704
41085991
17463059
35017691
50394613
45957784
21853347
32028288
26874462
27774209
25849782
31201905
559794
45056191
17899730
23266320
26174835
38198089
17281679
46397383
32397207
24777029
31068920
19971038
17625564
39805236
4216813
35405882
21066913
40517705
43622236
35121666
19054163
419373
40184755
36336272
9535857
53097886
36331809
38635791
12487832
5510856
45983364
51344149
48560520
48601046
33599520
20890869
41510740
969200
35381860
31168852
44335191
46314758
37039792
41361304
45104055
45666116
17587606
30331629
49649623
47281015
23000192
12901507
38779228
12122321
26015760
14317572
17354554
44109900
43057138
19168186
35443358
37116876
49421625
13445659
23643779
404923
30373468
45313659
41948099
42814246
24162064
43101978
52919939
24652972
32719059
34647478
23475303
33279334
48644384
12461768
36260895
46617068
19329404
45415174
36757021
52166065
40908496
26561092
32512782
49517798
31985529
52473142
45058472
10401324
41178612
32332780
35614263
49400809
22714490
34599705
36527344
49587878
20318320
13182600
22682048
22026359
34533546
49172890
45919160
44118529
39184786
33742566
30132508
17913499
30509294
35896099
43863574
24439821
40148191
35990681
49079019
15778858
51174789
50186728
52127911
5149229
41522255
45823275
29194248
22982811
26131373
41073452
14134323
16340532
50914043
29003958
29562736
36284535
24711562
40925588
16556331
46298566
36268916
31084151
27902733
29186827
30003453
35529920
11563903
28309540
29548567
13520236
45369405
28085121
29895564
28385574
9769423
47925519
21353684
31433212
52427297
26815201
17041453
34599620
43904198
17755059
17878810
10110547
10305681
28406519
44225462
21961180
19495342
24544946
33416454
45696770
39405121
39549296
25856905
33968058
25465394
28745156
41653221
29857392
12015378
35048837
23735290
24094835
35934279
37967324
51509634
45640806
17176394
25765042
49573939
12361959
20641638
36627413
44158728
22348012
17396668
34157877
40555525
17968986
20660494
18071754
20678599
26876289
29489893
35475484
24943768
32587817
40729062
12398605
9468063
6865662
39157730
32933346
10155003
19539130
39625699
20010762
46143184
40915227
35212629
36133659
21816757
17442388
45680653
37519054
17674230
33194361
29095645
26057974
50913858
34690699
13664090
36434098
43918367
37621497
37264548
39773378
27299664
8945245
41087238
50168142
50249632
33796626
36401268
46913994
29164597
42132713
27159225
37385767
22103455
51821804
32582612
33580518
24180857
11954624
18625263
38851376
23756250
28222087
11042240
46950008
49925702
37250617
35026161
40791332
43848457
20841059
26144367
52437091
57166
45261910
39043511
49524149
26851372
35785714
53022671
29325233
28052754
32524733
50874949
23499916
11136854
41026741
52209121
40366556
44054677
9918963
52389378
38204944
40467488
52634002
21221281
39441545
42655854
25734018
50518740
32047248
44473147
49458830
31311422
34996961
41764069
41263496
13502753
45503836
10806105
34601783
21936481
47300063
45255616
25978715
36455079
9662148
31982837
27371581
11020169
43076548
7911437
9444132
8907994
33113929
49126896
48814000
17326165
24306226
38335045
50594529
22559323
23282326
38286873
45811621
36582624
13621887
40777220
26040453
46734542
49557199
32138803
39300260
12446784
38716019
43486931
11194495
45461849
17041622
32821985
21376500
11108784
17497917
21125322
46913873
47989019
12103939
37989087
24558214
29021563
13919907
2693342
32534674
38699938
8487113
37267343
52598550
11483657
28021317
29652252
21208455
26385422
30348712
44570785
12541792
10271608
46688810
34705853
16649739
52758823
10112667
29700719
18071919
23809228
41560130
30138344
13749616
8946786
43813722
23372536
21352124
51447541
42804532
41653995
24003145
7196712
26379148
49627926
21447486
17621865
16204525
29115867
31378871
41286760
27038308
37286525
41076448
26769830
7915542
18359404
10809197
19530067
45504644
26042659
46072861
465706
12800635
23836391
42755476
32859152
13415441
43733688
22346131
25003158
18579388
29891685
44856382
9230738
45306820
19313796
43101923
12102960
39864172
27012650
5144689
26858682
43035357
16254609
29009667
38898269
27576319
41737262
29724752
33393275
33393514
15841513
33966877
10170034
51069525
17531132
21311240
36080023
43033721
9504857
48927580
37453601
16415711
17424244
32002758
41807821
12151638
45055988
12904452
50362907
23771752
38629676
42624276
23158905
35116312
40536570
4274595
48956711
30802551
43524526
35509087
519364
19449044
45905004
17839866
48281428
22434203
39144894
45701379
19002835
10692450
37830015
7152131
18445516
30788962
33038191
49614695
45433427
25680116
37353841
12288463
750291
40386509
43942890
18468668
33266557
27610245
13140220
37070639
33573242
306234
23736988
45813494
36599883
33778102
44405704
6594896
34473487
47961764
40716494
17082133
4922499
29402226
18150458
5906208
37624802
49622007
36679724
45073178
18852582
36271667
31385105
807239
11561257
39775635
25438727
39669123
26943132
52685694
44146279
33888239
39603782
29452926
42903157
31002519
45483048
29895518
36517175
19779890
37641577
31199127
36382465
37064379
42995009
34331083
11503902
10386341
4758565
21688638
39605487
37182616
12506148
41108462
42366447
30998033
17937063
31698812
694871
33877798
31025081
32400196
41301309
15779398
19226194
20030616
26106526
27597922
30021914
45164862
23289768
9207297
31080751
40350195
49363973
39550080
12247516
50196203
41222075
8777832
7415905
52593750
16707256
41035703
30319167
33950001
18262323
37398141
44334369
24449813
40221847
39894083
45622205
41019892
30032049
13790157
41898460
45590035
24712001
23510393
50259416
163814
16424523
18544199
24076072
37074980
47830377
35689512
19888622
36716254
44006694
37703217
36786434
19244141
32222587
10693664
13711439
37817353
39254047
29305257
24844560
26411088
12143410
48545197
7918194
34411964
47537276
19983372
38286280
3755205
43624164
39465137
32437799
42737057
40347199
39569486
52772578
15249110
46748573
45743759
39441667
47833628
49049854
10222972
19686375
13812118
15706863
14654573
43655349
35719997
49939850
38069044
36219912
35838490
33334476
38618500
19807219
34227651
45647860
33283286
41397602
12443469
51137597
36952284
40857770
24356172
26088584
45881119
21978019
34859647
19548993
29422942
41496244
33005655
32200153
1942383
42083453
32403772
38766913
19763098
1677498
25425988
14710763
33872731
30538054
24859546
48613796
51180486
31823437
23274878
42148407
49076301
24118889
44022403
44698154
52164854
29676744
33281655
49904396
12744131
44197064
1321681
32202642
31829712
14930230
35036565
33069390
45379074
31658180
20326252
50621003
43174270
44146075
10253159
16405504
9297194
25936092
49446856
42125484
25755745
18001232
39360895
11141679
45579024
48270362
11661596
24540287
20912594
19792787
40937595
35280824
25668633
13258971
33806286
19247151
41880231
44456843
30057760
37698607
34822737
45407283
45731488
44238480
29078588
8533225
39074268
38750247
42624508
29044275
44857436
15305313
25970203
45779853
8504666
52515771
40283823
35620288
38352950
26179822
20771358
9310959
25627333
19769912
9768263
30538699
37522559
11450430
49861789
28667024
32628197
1634746
24879207
35730598
17071054
38279898
13340836
37138745
33821429
33877038
49556452
34049627
36132339
44724999
22478850
28002981
38968620
38804767
31444113
35797926
21706214
9578325
40611604
34225187
27120381
11010163
27930007
36430032
44249022
14760481
40924089
26107494
21532395
33066857
31502704
14519469
33736245
38773470
26274177
33480664
40151053
15160268
33565942
38697036
38257530
18502845
21834678
18726013
27822341
30975241
52841181
31277426
51968666
24001422
18475177
35869130
15676953
45933728
18952274
37057382
52411201
20181165
3035100
35547554
929443
41339435
15868988
47078699
19826911
35865856
31975697
38120938
43942173
11566981
6800795
29525196
38019993
42788163
41992192
6241150
39195375
50726458
34545171
44326858
39250693
29794227
26674998
44416142
22385948
43342452
44470491
45532748
25455278
5997128
50312869
35046899
33059015
39139444
43785542
40478970
39331263
16545876
3281144
31676493
15543169
37143203
36109149
36112186
33713818
28464113
44131715
47978686
40221944
30469111
2311443
42211282
27278618
50543254
37829985
19951170
31290883
48325979
41591321
38792753
46473632
11905096
34220683
29470457
28462130
44863906
27482171
23321474
33485978
38400125
31335802
48018820
37731283
33334782
25063152
52028791
33575243
29861600
47566387
35544516
37395439
47353265
41390202
32001441
42086337
1604069
46031113
24789511
26167697
26277250
30287707
31920313
23809073
38399252
8150001
29412907
42172643
25014965
20806292
21200652
33490330
19623614
8989320
11032957
49432266
40015266
39405140
40946553
44180601
17175959
29003490
13305230
29815302
34397257
50185253
11712349
13877247
12896816
17765841
52440803
16142802
32659089
51265152
11054352
38385758
21546010
45530368
39618161
49062529
22058411
44400501
42656975
25295816
27832036
18524158
33292234
34680439
14666364
42605275
23746579
23710970
20718595
35565353
37236843
40517171
14472272
28984852
42536578
38402582
37099886
43084765
39331301
45287004
17216563
42912076
33389292
31397885
47856919
41923141
42852424
31892457
33233791
48295688
31563379
34318362
16286591
41337489
33358993
20402207
11736056
22045229
17130043
18817866
36145788
47203739
41761035
31059670
11978325
33190441
3304503
17489955
42366332
22644847
44974727
38625681
37684099
37085036
40756575
21695235
46886851
7194538
46111504
51818793
45824281
42857277
21794482
13854483
12769999
32777365
37915231
16951349
50728845
37532017
5036688
49941946
5431514
39392432
29592768
35930768
40394570
48867842
44740912
37603463
36634345
31301233
13414771
16928503
52441208
39299540
35480562
17342908
45945884
31793679
16184849
39725627
18893459
37139216
34698627
35241016
39245542
8898542
36826311
26878175
20319756
52073825
36969951
22865582
41967358
42170411
18085100
50607609
19404098
14723895
15795367
24670846
49761337
12433302
21946495
21174008
22088301
52354363
9021606
37708441
39933517
36659907
41857300
22300328
29559625
39789092
29335006
40986216
27158855
41260346
47245164
22749173
52527334
33521402
30711625
22716599
27891412
28507325
13876561
42384463
36801863
41972142
39022350
12562240
33233842
11228923
30194972
13748657
10336165
27054846
25251844
30186549
24621920
226021
37207242
37151190
13505582
44063401
28922881
33470102
20013960
13567058
38955528
27538362
31701521
42792300
21875340
50704771
45650958
10124372
13162966
46827277
50155241
31358984
23013595
19342177
45982795
29651529
51619407
38680178
33851653
49424523
42788494
19518752
44405422
5021916
24448034
26044619
14065549
37677706
4748092
45738575
44471806
35801057
23884624
33586215
37445393
39883069
39263271
26214176
24329914
13206007
8641766
24910859
52128553
28552516
48574834
15517104
41367470
51163232
49411865
35534459
35862272
20494672
19224118
18882696
37530877
46290693
45864124
36995115
41174327
42398327
50099699
29767289
18794901
18704413
33287441
12628630
30274923
9568534
48489781
30416472
39283031
31610667
34915447
37747773
42494731
38600017
42455049
32831148
37532987
34242352
17885186
20868378
22206316
13968227
24177410
31425429
53028742
33880432
50848560
25863077
24787515
26362493
27237325
42570942
31700912
533523
30331716
13570287
23578697
16785741
20325974
14435290
34419439
23852519
36782178
30342328
52825041
33668273
28842338
30847873
40412752
53049465
22295591
28596669
47508411
46689854
52168540
34060521
22229755
30717197
30586788
23245682
29541101
32996221
19732045
34469805
33668317
33575129
19028662
36349092
8988016
48052304
35573048
24474302
35172779
31387448
31701119
32148690
16677866
12508817
14620811
41082801
34570365
37514567
35545750
12878761
39225271
29101452
35289076
40414371
5574192
52436909
16846122
38097195
41289512
21076039
45840343
34779021
39349812
17175506
41363725
19990607
42164408
41009870
33910078
38423166
40481900
35341944
50909977
38021769
39151119
4538274
25208114
38318562
31085065
16697507
40430542
16150767
33107821
35187014
31161666
50684236
37659168
19008009
40147877
43992679
40521575
42309036
10265415
40183121
20652700
3256097
7543508
9194511
51472940
40737415
45984958
24055789
9122146
44111008
11275525
48711506
12723631
46664282
46021735
14990528
45647213
16049454
32511334
24930160
21390038
23235101
14881952
9077488
45151913
11231905
28634342
10127534
45685701
50817487
38398191
13351413
38124992
26299264
24157869
35750491
16204975
6703001
50801877
41639804
22292233
34374769
27547487
37707353
11662755
34336982
41894401
18478528
49157025
16184402
45767108
40930713
37535984
22738733
16731782
8108376
46049936
44231717
17137395
4066224
41821341
13585033
40141307
23012105
40440130
39597266
35080797
25139417
38121062
21401494
45836239
35306404
43711336
21222883
107630
2108703
44425101
21496225
48673134
40470001
45896254
36324936
49269541
13938814
24977601
33609922
51793102
30236202
11821517
31099064
22477139
16139137
19862234
43905268
23797941
9227929
27461602
38652224
46968540
23390569
41527263
8895560
30849866
40420409
26910677
38817916
12800770
27870867
28708466
21501622
49909700
32042721
35475361
34555927
40349107
39558943
20603926
48742397
42462171
5432639
41416407
21376966
277592
6039659
25347359
37094204
33648861
15531889
46330286
48608836
33735398
3913946
23035618
14804266
40244371
14562079
24479843
51623400
3683927
30261600
270561
25137152
52633767
29339228
23697190
2320341
45744987
39605196
15029864
52266519
44388616
29881483
8671663
39600750
34247467
27714862
33657359
23217957
33006281
23635662
1936772
47977156
40102223
28021785
28127411
29330541
20042220
49423966
14102785
12476660
36815318
32499495
23636404
26968458
44371780
25053189
45341320
34956035
8155899
41076170
12062795
11897162
12906579
28400332
33523502
35281823
39648928
45753934
37357732
24816180
8686198
27365144
40527054
44353753
31566124
44009310
38808676
8853934
33326673
33875212
20957479
1385732
45609160
37602188
11347889
36779453
32521143
41515103
36742382
7386637
29734611
27942567
32300620
48936325
33856529
20535001
49887305
22966047
37718828
50880911
27162551
21072697
37497491
36994609
2485774
16568683
26347398
23908316
29001056
6205708
9899132
45656570
45649857
31687149
49655780
33796290
29610643
35663490
8877267
29793192
45057084
3450210
40794958
45723636
33422034
21351722
31248515
42260629
39863501
19089248
39074638
30056009
46966660
33951587
34301077
27278791
34416268
41521384
26355698
33608420
40229988
45442135
9958511
264459
14120252
44795794
20868157
17285575
14364646
33087205
36766324
50572728
38900328
37649434
29501876
22295344
4936254
40911914
40556903
46012353
42223888
44285143
15945915
26781588
40301126
45721442
21304534
23115250
45573133
14205364
11108459
34650619
8498718
277589
44056568
8882614
15862659
42195971
2663290
40656216
39602412
28134322
20802530
35132630
17562975
16543844
14297436
40495732
35369145
39052708
48024901
36813643
33531284
34589316
23661826
10382889
43723809
39561110
44692027
40679015
41061558
36843620
45947262
40419084
11716677
16045908
19008890
51836468
28658061
29592665
46604058
48181556
49949577
413276
42798653
23686606
20238356
28635035
20803067
48142110
52917950
39072091
20153310
31237761
44466661
37120573
44387577
50150722
32962478
14132118
13582811
40273334
9718738
13900172
9548843
44724266
24751809
49248255
30046573
23746794
41712212
25358481
39614396
29641901
49254514
40427213
46563687
39171984
17860716
37130430
44474349
43459603
41591166
44321090
11410034
51254422
44171988
50872027
32677573
49190919
12533385
16839171
30283940
42869133
47474703
37048735
21215838
45539657
18458433
20568256
3683444
15978345
33990666
49722558
35076834
37151311
13988682
50402337
11703105
44466184
39497594
24599215
44838862
24018771
4442918
4225569
43459172
31173740
14307925
31981609
4436553
39146379
45711026
31965813
37085302
20184035
11584892
50138478
49487853
42834319
15485880
33395366
33138874
31370797
23077467
21445332
47408318
16705343
52633133
11496968
43845705
27020857
26044087
12015708
13756367
36898145
31068091
34626254
45162881
37586370
32185458
16183018
41832677
8757753
38343050
34841122
18400232
29327183
53023166
35710006
13412955
44320113
53030447
30848960
44472274
41169627
7386505
27262564
25817039
38794893
45861846
22062857
24742708
42801605
32841311
5307928
32743677
49579554
35445389
39619497
14836846
27867153
48920995
23788164
39833359
26114974
13070954
18547065
22135480
30285410
41062559
37591884
52797223
16983505
21825033
12666040
30082958
33480604
35284533
44604668
20023385
32453285
38807684
52886539
31033238
4963511
25329329
51310736
22985419
28249744
34597676
42639895
32084720
31339496
46751044
53026905
30099881
23056172
385824
39501006
11414934
3065734
28490526
14795776
21812927
35029902
37078336
18993398
41281126
12913909
32346525
9607983
22802228
39369799
40930475
26327970
31352019
41974288
18076912
44423947
37936529
32297361
29623476
8849517
26843490
15539713
51330016
52535017
35089249
30691909
52795626
40504063
48670550
33596331
48940172
36127676
34881989
10069964
44645014
45969792
32937852
35076152
47292906
46176278
42754843
31125186
29798791
42822892
35792505
52025593
40480583
36832048
6372321
44072521
21514489
39558211
45961460
51538868
28138470
34171485
33806360
43032925
40361482
33451223
35029568
37986581
52164877
48128555
35478322
8116994
24448789
15857118
15741653
20165866
45738105
37592467
26024979
9727155
37592004
27189068
41328700
31065246
9525563
36928288
194465
16805193
45963446
39484375
24615567
12418627
22151339
32040284
38918982
9450284
21575568
38620222
43927576
26222336
18917771
36863887
37585821
24633966
3870028
33844712
29453448
44178023
47338012
17968239
17780185
21850834
26638798
48721300
19193139
45490926
43671302
42490046
26271826
33306182
23252743
44995425
12344456
33639947
15369374
31044630
40535156
52792939
29076655
42420663
44448391
47900810
23912147
33626530
51920189
37244960
30835709
31319331
32595490
48770022
50207230
13123584
44129138
43540035
28074707
9204655
13714531
11566709
44661357
38806759
5844750
19177262
19565923
37448034
22330754
25779036
24731962
13246767
37886818
21132956
52648666
18565752
11139469
24677926
19632105
38675915
33153675
7047537
45060713
34106996
18260240
18617362
45952739
39176987
43733644
23194228
23996147
25474851
35583150
4123561
49174756
45095487
25664841
42798609
45899805
43991360
38791572
29926045
36417137
45344512
43110842
45469300
26820530
20803864
48472858
29257949
10422965
13404047
44230779
43352497
35559946
18522547
22895515
41030871
33565063
26657334
49716170
14803827
41208101
53050789
42262691
35926648
39309220
20239424
40258995
21016498
36054381
36539400
15863278
24051218
47463012
52557528
34049414
46923526
44441535
36859573
35306241
15583700
23071912
26494877
9729186
44892194
51139008
44009874
45094003
127708
39482704
33709126
26332468
18104150
20135361
23038776
43865437
10542350
51281216
24643897
30179240
34415992
31365776
38251207
50232928
18199503
50268627
14205634
44899616
24203680
50923430
18542670
34384791
40536919
29862325
34618029
37595493
36105993
2590590
44135342
17840570
25207374
41494958
3764531
44477235
14146634
47528001
41165730
2162565
36629024
14386732
16970590
41848401
51351987
41125441
26164937
39526281
20135558
27967621
43212566
25436222
20904409
44998581
38058360
30039305
49870230
33115222
49790624
33597807
46544395
35324134
42686083
46133039
33124711
48305179
39616565
41001441
34405060
45561630
10078736
34608153
42652448
44938771
33179520
25777905
17679822
52614450
4296956
9767424
40981096
34183108
23423790
18386494
15830980
22418066
18967409
33083330
9296391
37790127
51109929
38038996
51001407
49907810
45983183
45860397
3500141
15995696
22856249
52089998
34928018
47473811
49770573
11102055
31163666
43577048
36169500
51005554
45152033
26793592
52437728
2821675
37957508
36285521
22256903
33802451
9463039
29965481
26806337
33464222
34804171
47799254
33954358
43736869
37796364
35249184
22362097
12512289
28901091
36337859
51111227
36320524
9745952
24807750
44230444
36549754
17552185
49797296
44374741
39502207
41563875
26883331
33072057
50326822
36927912
5979675
21262620
25041098
35873149
8327773
42607754
35085633
38915506
25674371
12193432
37670080
11174172
23867593
27870140
36313767
32006626
32393154
44055725
52148281
19779103
41458624
30854835
43683862
25674110
33786790
39017470
45814103
13508287
13365300
26599279
29897019
22802121
28335965
32856588
33893709
41069298
742211
16254081
19694550
6466621
16889808
35713906
32050419
33636471
13254923
28625184
38477651
36016190
32545827
49854560
40628260
38810841
39465155
14070671
41017959
30140868
8069030
44938872
35968261
42656800
31871952
23843626
49479931
13312806
14414976
52632741
24375235
11458328
42205685
44055901
7881460
41263449
28541963
9633920
45618731
30193899
13016417
37510792
52621172
29216706
38148631
44125968
15507375
12160755
45461710
41252327
44480498
850338
32402201
31846151
11412192
17596402
39285663
659354
20418684
11038469
20396246
29608032
29433661
8806684
34192150
45147533
29298407
53024976
38186479
50249287
12916246
30581082
33703171
38575951
32708796
35155394
37834412
36662178
45799621
12722089
28520183
34485458
20163793
10169093
39717041
42940158
42073085
36471954
45761606
30757182
31181847
37249948
13410584
38418030
23280962
32840671
36631070
29738513
5066978
18355635
48402757
45203115
34970126
22797978
45838479
52860127
36161373
13105446
20330282
27454362
44680668
45614370
37381197
49300557
24554783
3874859
37064895
946305
39467650
35668795
16305782
47196201
52651308
17135724
39403472
37116653
48991714
36925733
28675949
38663405
49607979
27446174
49835791
40515705
19796395
27307483
30289059
27791206
26249975
23872829
35423102
15523119
29506716
17872403
44291246
20055838
45095396
32107306
41734040
42163475
28907785
50294479
33962446
37060607
11823861
17626557
44651175
28770026
28185121
41336317
41415486
42472109
15453985
38053822
13032748
45535357
33566125
36625914
43907803
45578810
50181584
34944090
38971745
21786958
35242868
25773718
35865346
33149846
52183021
30348624
21928585
39554417
43834838
30365071
36096634
13624795
11593709
46742703
28956435
24383428
48181314
42661187
45268314
41478402
35313233
29139049
39049810
36306345
38119564
13696347
44399117
42314882
24092618
30465372
36928549
48467329
50533003
23809359
48211888
17150163
41145850
26769544
28401040
28097850
10483677
44572069
22840839
41143479
49530332
40956516
16746162
24730460
44444501
45734061
44631028
15342457
42354768
45376295
49926303
42552780
45562826
34489154
25023777
33800274
40992236
9691789
36163762
33660911
19633164
30842198
36336832
31237972
24779365
27335883
41523739
23684415
44148869
26529239
13195012
38797011
36255541
25222000
50313679
37986734
12015050
9181806
40654219
14508822
40423499
32446823
30929883
43648345
51263090
18692028
33965971
44636709
25287172
19728173
17411672
25440236
19845512
44307743
45064164
15597600
50156834
31081135
42465597
3849815
41418012
43142085
9376692
42882271
22359269
36064676
22151084
27393575
45983096
40853670
39616483
33387469
13103054
19548760
19014400
36758200
6566904
15239234
4297755
35318863
45905820
17273434
32638075
26373137
28033931
39880311
28934315
41119185
25887818
37517146
33129770
49083210
36141106
36248111
50863511
42732957
46332477
45338556
37674994
21122597
51423022
36929046
28011840
31933373
36549462
46682819
29016112
16211620
38212015
44295072
17792975
25350875
344856
28438353
19732711
30210824
31468376
38952399
39780705
19967657
34829275
36264199
32004272
45203174
39525276
33992066
45064351
10165064
11000865
20274666
6566881
18786357
40109074
27082740
40480898
29827493
45656758
30442333
43839243
34971548
29784122
28403745
45701852
25677571
29937686
6253378
34340936
29257295
40756424
12895701
29225001
38632312
32495771
29113869
19637319
25796759
17318814
6207367
32853748
27728460
31998345
19613468
49268785
23560164
24716838
27654829
11488558
37060250
28310635
18973223
42560673
52240499
44429201
42638992
40087310
26837596
4277980
42969693
39058690
44075827
24861763
27282790
31631381
29410645
45853699
48821841
13613919
15545708
19499438
29002551
42825411
36249386
47120136
1734269
33463730
27652532
46375785
14955468
37703701
14380750
26690255
45275436
49616717
41616916
44591917
38064817
18250369
17278544
3716193
19139322
47431137
50988254
28234195
16038153
40413058
24572838
7498271
25975492
40275686
51991090
40282590
33864433
11387494
31382644
30198386
9398048
15848423
38881843
46808603
30774006
24371941
40116444
16237185
38229920
36255671
9876310
12313405
41403574
23785875
35556430
34052116
38770082
19402316
40456969
4615908
1372935
38478854
28430914
44794644
44244152
40000084
37553504
15771158
25066302
38744678
43744716
23918843
43920834
49607623
39240162
26463619
28715332
8292502
7331070
15839744
26256953
1155475
19395005
38479308
18355060
43010702
19831971
5536095
13169260
36539838
43262473
42530826
43957008
19649715
47892220
42211802
38152320
1952753
37962902
34265191
12054516
32453210
48023139
40386794
29185456
12768748
40459532
26940598
17418006
40042074
29121725
49925408
24791264
41003795
36428186
50616407
41576901
36065361
52368355
29195950
10523094
17515391
40319153
37113972
29721020
26832829
36379292
15221767
32796116
45981681
24784822
50820550
42041357
21909590
20279246
36161741
13004996
52021868
20647375
48831918
44912102
50241334
26321473
50527661
52324341
45792001
38971259
44732077
10843981
43636378
19361099
17164808
25516879
15706724
52799338
41018379
32485016
4209759
17077519
38494298
338540
34618352
45652268
42098453
34331299
47006783
25580113
39142021
16736997
25369739
39430632
10252921
38250062
49113582
40146864
42512468
44063885
20392308
51552689
31738629
52345232
38888940
37162645
28044368
30733573
34476888
6186388
37255580
43767934
15482082
23923871
14838250
35292830
18412333
36469742
33267115
31383104
19186237
41665877
34088831
26404790
43310901
33014412
21389707
32678196
22729922
35037765
42249032
30440435
15570322
33512307
41890621
26360996
23929524
35481069
10169459
12605696
5240945
11575107
32019847
30375863
31913609
29232449
34471524
17519200
20530953
26255768
38822286
10325584
28419383
34361887
49909485
45326630
51563164
21897674
9434513
49909571
52226952
13780509
33747924
20413667
44036499
41831460
29660304
22045201
29754712
42938939
36712126
39361915
43466772
14778159
41251593
45407882
21045593
23658532
18806873
43460948
35590888
31273010
16005226
30723833
39957197
39376337
52203086
28600360
36432528
47519492
40468502
19354720
37532614
22707983
37071567
32515116
34701046
26499496
36407780
38789660
39752429
51389174
50840213
189732
40662099
30464052
29610087
21619569
40015881
27501448
48045888
20582991
13673148
24168434
3665787
46036795
29251510
43067033
45510663
4245658
20203433
43473382
48803240
24018591
38563125
19352717
50754917
45021747
13072496
21863032
29352338
40743000
28064332
34081684
45257443
33894652
38752368
30850552
45471095
37625450
51129804
13752147
23210868
50846735
34564785
13998679
50282802
29737094
27570647
7894007
35835857
35397528
36478784
644785
29679402
14723039
45097961
35619073
45203126
27676327
29232198
36972141
38204068
18289300
25975140
29536031
38448573
40812649
33133219
19528119
6971162
35029230
40027978
35028181
41912053
43757883
29904200
711554
35671473
27490300
43771272
25328184
41908331
11978351
33807627
690934
44145596
21826094
35959400
51669628
53033886
19956019
32411926
34459754
41443420
28106967
34711181
49601257
39626975
32665807
13648744
31500359
30790973
50578286
38563555
29256229
34972828
43897715
3940044
2475239
21207605
12600430
15549056
40503975
9367210
17502004
13614714
45681647
32522122
33101762
27182024
18457439
49907911
23591365
27791052
1042097
27360410
39034248
40887330
11689383
40321681
2897118
50420121
41602531
37753887
33966601
34063789
10522830
32645984
32921918
31082746
27612911
32640970
51993282
34671786
18954106
44405739
44177998
11124007
33446297
32586373
27868990
33014342
50234724
44955917
23015577
4671883
47211361
4980453
9447058
45074305
23064271
45526574
21751275
19529637
42059432
25346963
3968204
49124728
37413394
28046311
30709533
15779528
19204621
13728204
33449860
34028051
39620901
3974304
45305509
24986072
6225766
47269353
3785256
47300307
31682228
44679786
44440834
24387440
21117343
41900789
9420464
34482581
779838
14633324
9623722
10056242
14222252
17716780
39624979
41814502
36910859
16785744
36963810
45622206
15802947
33769956
11369668
49015653
26086036
24259302
24568268
36092972
41251104
37552522
28836266
52166804
30286826
50348687
29626043
47703791
35662350
22288878
24032303
18902594
43991639
11429575
33416022
44652949
15186836
31354275
50489279
24475665
48729748
50081408
33568115
45863468
23466042
34010016
8426915
45262021
28379264
29079293
259206
44350063
24914750
34337883
26932469
25182387
33259933
39999680
47940902
21971881
44397947
24506971
50084513
16334929
30517121
49030865
40054599
30927443
8071687
49544107
28602352
52791424
41374406
36106068
12358117
27855292
37815138
37854428
30739473
9745267
26192728
33141651
45512393
37123354
33589468
18727061
33937368
16060071
39473603
45088764
49931005
15159731
37086425
34478278
18647343
47027616
14688728
17162982
31077244
33965209
21002021
42661410
1116076
6242962
26273445
29827166
108537
22321537
16169313
21504261
30768008
28483571
40148580
41677320
28817364
33773970
52751878
10871701
21897846
17783220
33597506
49775351
39987127
22861012
4956469
37276851
37423145
37381899
29403218
15129415
43547204
44355701
9065156
32797246
37141036
37478859
32179794
30060926
25188780
16172073
9970367
28359189
52948447
45784296
44350115
48467128
44238035
6076136
12293900
25161679
49701258
22292865
28238166
49083112
24823302
33840583
19099053
42444933
13988452
28410710
33709665
14648838
27282226
3516112
39517407
19495213
11486601
11754850
27182991
28801976
50065207
35300665
11561900
19690824
46006806
37249317
1644722
42513864
11614090
22950291
42655438
21160812
23351171
40166671
45065810
24758664
49436085
42452146
31241360
9195781
7126527
31138895
40506088
44679753
33141742
11523426
32483700
36986375
23902991
17717692
24355927
9289159
11604027
20801388
40393619
48047186
23918771
10703339
14227945
50889398
44383273
6621904
13255464
21271310
44093566
40146107
43619579
45868989
18623650
43692820
42542307
17874832
44069159
16476063
24367206
32453154
44453298
25778515
33580665
36757263
19068247
44444979
51184002
50119083
11969187
13318239
23059120
35826159
12977096
29727391
30369908
45063426
39674685
29704947
41166233
45898647
4239146
45948689
48334907
43834804
35033943
50638614
51897645
19421661
12270630
21074272
33136454
45375384
43101982
2534822
22999163
44651675
25138442
13857312
33785098
41499023
45413435
45480668
7426122
15048657
35392915
21410586
33571410
48292213
20726645
36139806
36952394
31608247
31633673
24823003
46017986
15793210
19633681
41485666
33883497
27275877
31844291
10989934
49754177
15235950
42248911
50243139
45503517
11207360
40193596
44087367
22074163
35314180
41701809
32417594
1935109
7292203
35694345
30790421
46917411
4033521
23638161
11029458
43644950
45681670
41361641
4424054
34443205
35268651
43838535
6081054
15995052
41728107
21278809
16097292
50526605
38206427
21276630
31870605
45721127
15048358
43114996
23373769
1547448
16062664
49681542
51285467
16793649
43825354
50916578
22123822
43603041
22538783
48727690
20385467
29538417
45816695
16153317
8117170
33658071
18541723
50686128
37809871
16944215
43772163
19596021
8621133
12985350
12665911
48654869
49468455
43327284
47786294
52640384
38139486
41345382
48847705
39058638
4001622
52861792
32341184
16882494
41442664
26269124
23533357
24010896
31752029
22812417
26080277
18511884
41003461
43869970
45063724
30038764
26251900
48847256
31312720
44337056
19655532
32566536
32227307
53007707
17923061
18816777
25963570
45634958
37135857
8760442
37806229
37252015
28364513
47773433
1213061
21661152
40905713
33699114
38528300
27016473
29050175
13404738
16222479
7653620
29148293
44290998
18661562
18814761
29077999
48379543
14628080
42643177
21057863
25108878
49232044
22363662
25814039
51992365
35348842
40076391
49565977
48128627
46150298
29858908
23148675
45074400
49852654
25954047
21300829
38566942
20406080
9002117
33986282
1094063
44572636
24366897
32953974
32005108
15019290
33540900
25256329
32400822
24046989
27366401
12916798
15307995
39602283
831316
28925581
27869320
49024100
41450308
49296171
21993344
18069548
663291
43954592
33601466
26772357
10258037
52148096
27677003
21980723
19901354
41172774
31702671
33539998
40154152
37357770
15653764
32905347
33028935
9471586
52859010
31198193
46918417
39151495
30076067
40075927
21738886
41222236
40897425
18128838
24673931
24408535
49509755
23930247
17854145
49738307
24273375
36876998
35835427
7723765
41319343
31701427
940809
50959515
33897838
35928871
32839377
45230697
18703965
39657532
20499874
22536373
38043614
13336229
44997451
23224367
23541065
26754032
10122398
37247780
25862956
15637260
22739003
12949764
39232734
21879026
41680220
22771258
18977352
22728399
40404032
38238414
30694626
44625757
940833
28809996
34784144
45861084
21441201
39884575
35242748
41158129
21230082
39137057
40221304
23363068
24731053
27429817
11101259
33359741
43639572
32027926
35481265
39355827
28558208
35274218
21961391
39047580
15430387
32410299
41233959
22077585
19352417
41071435
31437233
11402277
45984279
24171777
28506448
45962465
37370116
33993380
10070693
35279881
22204107
1847389
12938732
16263631
40333217
34648471
5758234
11286498
41456016
45407397
39100535
33652949
23660273
18914730
13612707
45561820
31610522
25929998
32452512
41725783
32744430
33787433
19585860
23252265
20737864
791056
20406782
23973091
44023643
36762958
7506567
42879985
31966442
26299378
5999578
43975416
49268777
52615451
40462715
33302661
9643063
37880884
38259207
42900136
44451884
47881216
40390728
26449233
44300482
18309638
20010809
29675993
13977476
50797136
28087314
33939139
26854788
22855831
43968850
13760723
33876185
34973881
39668613
11649232
18836091
28355595
45744619
11294419
51131270
42802245
40510758
7896702
40628331
33420473
14222612
16873148
39960627
38946953
30362207
32549155
39266396
53047762
22874749
286662
28604346
45809645
41029614
9506168
36641284
29225144
34651712
6060439
35156254
21831529
40159597
36677965
35568928
14707648
42605280
39605041
41882936
42699736
36259241
40836503
36560602
20895387
21446148
33558248
39917463
22176379
30518985
42293208
26666232
37669690
45296838
40577914
11775179
41030323
42970648
41606321
38849102
17186053
31705944
24690061
21902425
4581049
23848408
22046121
32305083
22004431
14782322
32592749
43469111
14118845
23769218
43494802
53028084
44525002
37629191
45736685
49077058
22208907
25092267
12002960
27259147
7985452
32858018
39169065
42559223
34365977
41177309
37043473
52788770
33450731
27366853
30284619
13466842
48736458
39361911
46290541
30197956
5908453
43686927
22026830
29509330
34488390
36354720
27077816
52781243
34488478
27572545
38925689
26116560
38309125
34175238
20790261
41278378
31820135
35285429
27839566
36511656
11880078
33942615
29962701
32437748
24801304
47341339
36291710
38574096
45792909
38281708
41375164
39826574
29154465
45073906
42951567
28159180
27514811
41149704
44243242
32889065
44056107
32798572
50208418
30497982
31171455
32416135
41770951
16720274
43886513
52108798
33233083
39474418
30580294
42820529
17244916
25175484
44348666
19091751
29756137
17270768
8961441
40593913
53045130
43813411
23771101
19248137
35334838
27585383
18464348
41670288
15561163
39662142
38688328
33630972
40762381
44456340
35103440
45745259
42727731
42949337
51037782
32777882
23317727
33014
45729281
41361601
39150414
30283317
15841192
11712073
43910655
38496782
28426141
8841464
50754872
28971039
50716041
42188621
51231852
40478087
42858055
46294829
42655903
35061998
22824764
4720086
16332595
45043329
6949526
13774384
21733997
28269762
34048761
45989471
45752206
34250573
51980852
41664707
23370397
28452499
52386386
43039373
3358287
42265690
38736710
29276255
48936695
16381008
18343337
17455908
12922484
27675306
28234622
34639457
9472884
41572620
19123070
13196992
38115924
18852749
49747414
39191624
46228864
33841526
11559952
50446307
10071188
27985395
19200270
24625478
36451266
43803532
24578961
12980598
12229140
21179878
45838885
48402078
32096364
29516095
29124688
21889233
26412657
23051782
13644911
40694243
11078656
51048002
32405214
35216995
33769397
37060459
37968286
30454502
43605445
41188511
16488109
48203377
32081455
17959888
8814715
38920043
25898716
32037566
10488943
11468421
40124748
2960627
14074064
35116027
41086708
9122164
30366050
50704924
40293565
45643503
43048721
22696188
30706270
29428820
940818
36137613
1222569
52027057
40745955
40357568
25140211
41025610
43746585
10829319
23253626
3666653
42336485
34327334
33982338
24341360
19162180
12185945
138386
31685495
52517796
23336651
45594233
45208750
11833825
50397712
17741498
37466694
11775402
25796520
37924789
33042945
22964226
42670856
24823330
13642073
11937600
48146822
41572122
39487508
23067470
21989166
26870993
37650603
26841737
20322667
48030596
27188089
37250528
14572722
22168398
46205489
18374398
27479786
31831210
34963176
21976874
36910887
40173462
52328514
36860655
51577841
40441894
21162110
35114037
49191915
19571534
35834579
16110820
38481734
30739386
42262893
45655401
45295856
31013111
17629191
32150028
45202475
29951595
30043966
33769390
39677451
26795995
48286996
45267399
50104622
37858604
46448563
10150445
29962850
19664860
34845252
35261220
11571155
29202901
43562641
42443158
31845058
41063653
33662649
39056035
22290343
40666822
30662063
16684004
14965057
45670897
17150795
32881230
44864863
42160136
49196020
42373936
15682743
18469691
25338292
13508386
6447205
30803049
44179467
21087996
24094148
24370001
28277565
21811046
23499269
50461026
11570030
21600578
49530791
48293486
32384432
31799667
32612740
44727032
36447740
38230816
34712527
18770762
14956202
42979450
13618121
42454164
44089854
36960778
23771550
10038693
23782655
19841963
24186601
17599456
21018319
27018851
39012263
45861347
34860136
26508771
43204585
27621240
37332720
41324281
34241386
865908
20282379
43933619
35530553
5892693
20939397
34313601
24691530
24771418
35539066
44505052
19756622
38350961
29733237
49258364
46533813
36597376
17840910
45591065
31086541
45650867
30385286
21549755
53023030
36727648
9745074
11531274
28797573
35202498
46507407
44750417
34974475
15534448
18830092
28222395
16922853
12978879
17804004
27389815
50214484
14871622
29616716
39236650
20156079
17681067
33124059
44012619
16723150
51231960
30307330
28273423
27482229
32789885
28732297
45294826
49448081
30348644
28996801
50625514
40497780
52403339
29002077
38250618
2816920
18925206
31344749
52166956
31246982
29987984
49169710
5845894
32247060
28925158
425411
43737846
40519437
44125013
34101320
36169675
35837839
45768245
36807944
42762645
10156290
50844678
22417544
41020666
37033881
35742021
3696043
22322524
32323978
44086706
9331373
24850725
45691885
52385894
22510608
33953843
28094172
32826282
5768223
38812729
8972905
30002781
12919082
17559373
30062156
18995629
33730243
8522933
13618646
36359662
36726160
37077014
15328228
40426751
29702873
28733884
52437523
41306737
34394009
31868337
31154891
6269517
26824121
34136802
57754
41003884
45400472
19532125
38008988
24959305
16368793
28454886
21471624
31030169
33848339
38835835
39537097
17716763
33491649
26972956
11389273
21689254
39147838
30584992
26269189
29701500
36477307
34106258
31662488
26220343
20063480
16997988
44575276
16060534
33013896
38617422
18789421
47235176
42700030
45768795
45998834
47010749
11857429
22418016
7907302
23623112
33184666
31018261
26243040
1900810
30522602
37119415
8626281
40890790
25477776
24303639
18239876
16531506
12242042
27224408
35443264
30415140
22797033
44176565
37803041
20947592
42797708
35186404
13628361
24303204
1283392
47199810
23855642
48652544
42870196
10934514
18803097
38318376
34582247
18479987
44549493
46107709
42184943
49887317
21120547
42487314
47047917
45573023
38575959
26499426
7840147
15472852
35270720
33423565
27774740
38595520
3045060
25872744
22113602
44409989
24912601
12802626
29257859
27377801
32417969
51607034
49986878
51293194
15856257
35832371
45507562
32705496
39628066
37672727
18547011
29727301
35614233
24244959
48856996
28325109
28416478
35361337
34767618
52469469
44193581
45825796
33768166
33777965
41756048
42549146
49226723
7942376
9956834
52026010
10508462
1580352
52792253
51164192
28434657
36023806
47396746
16730833
43752991
44562353
25625786
15464934
45393313
30304976
51443399
49697521
11979262
32813515
12101265
9798793
7557546
10161652
8665931
41352166
5058674
19105495
35681918
27070285
11073714
41109375
24940514
35477418
22650604
28070475
50031280
49076465
3368441
24380794
41754690
26540068
51837440
28605413
23135396
44462441
44504145
38290572
24289436
50156236
48903782
29670660
9426172
22495883
39031849
40028902
52791752
2446483
42692038
28940025
36088401
16467731
36652776
46034806
52639497
20892256
41710457
44652221
14089858
7386263
32937468
19911921
30587593
45952120
20584502
42871277
43750750
45984289
14215652
16210847
53067423
35445885
35706774
46653904
4885068
25207633
33337784
13296222
11567559
9748289
6335784
27426816
49275941
40699519
30232733
18711007
17830497
3970161
40463462
23768711
23545793
23298462
24542901
940821
50053083
32530603
13602242
44616715
52101974
18554625
31883238
18523593
33935555
48715258
50225817
29432747
31012520
47359814
42760906
12621498
41991419
28417941
37587799
35737983
7086027
37700373
28574888
25414298
13062896
24940507
33140465
34893938
42659506
27724433
33545500
33605633
34374383
24952713
43389846
26742658
28279502
34229699
27150439
33706359
31668807
38733040
48887780
38343048
42370195
11267258
25945144
8173609
15984984
13137923
28031322
41187994
23309267
17385124
49604884
28331251
22557752
36179591
14314574
51534596
47784414
37954120
23649906
35955578
23747204
32890368
16464473
652635
23613295
41450513
30010293
39769551
22162940
24221482
31946634
21994352
9039464
30116663
20703610
32727829
49789513
49293501
22247143
1370405
33683202
30142523
30030756
49668961
36074510
7657879
37696328
23990745
26994600
43874758
41558116
36064099
42128450
30195411
8857122
30339140
22224752
23853451
45074392
45305015
17899473
42711635
13009244
49808687
37982605
47499689
45044394
27282238
13835153
51582101
44233602
43966442
49154313
32679722
32108020
5161247
51018155
40026305
45580208
26627399
33788019
18082169
9062366
29987304
21906202
9261959
31467134
38402801
13767275
20997492
32365337
44065848
53028370
33951438
36379083
12032314
33971170
33281038
47355083
16951874
32665422
49511262
38393230
49512794
45781557
23525066
34623269
30735420
34744626
21670468
23614762
52307085
29475430
17866206
33363084
11244833
51249516
31616575
47792856
35717607
40781102
30693768
4577355
42272191
30759905
31608783
18377465
13198453
32040485
36176826
27183690
46989406
40481009
45050290
45776313
16889386
49707837
32952650
35512005
31734914
33469116
21652480
31036965
39214102
11917148
44572340
14906089
4423474
27748221
23528954
39477964
31123209
42596148
13409388
38409908
21469337
33894658
33096423
43650738
16895303
33344210
10374154
44311737
38295203
39745315
17612351
14582811
4824175
4545516
44904998
17650843
31290063
52149099
52374738
29677141
21493090
30332789
32482765
42020878
15800519
50433149
42676205
43610038
33801532
27697284
49258122
52430029
16473889
30581722
13689706
50024311
34645780
23413884
20521047
4027687
47463338
23162158
38124641
23366913
33440752
32695982
38989507
21670920
40587225
15294801
24481148
39272093
8075794
29415181
23692933
20554399
11569859
44047462
36672315
45539889
44958482
36105585
5493377
36349491
41905785
45501520
21823931
24596930
11542772
20812387
26714949
31652227
50298441
28973358
39551620
45660994
45494782
31694202
29567988
49500273
44091088
35710349
48961890
49323605
14914739
26405707
30580730
40714162
23917445
34853987
46831159
23332765
30338390
19188166
52403053
15510318
42970160
36303779
46009728
9503988
26652731
35888557
30467248
37683558
32520356
8534732
3490772
48544892
14191094
26266563
16271818
12550465
40582472
41530383
52020308
42743561
18089676
51267133
37114073
48383682
51002225
48585070
43886401
42788117
37409458
38767417
33269844
29777267
26936440
19079583
40347622
49041988
45706632
29478710
35635117
2301258
30638600
29905155
20721188
11880366
10670358
29841557
42015799
26405010
42081787
8986278
50395194
36808981
40345464
45059867
25659263
15475089
44418458
17364702
44189846
21822619
44833869
35410988
20880570
22322740
21924342
37795098
40376349
37273225
33018484
32960351
40481843
33146856
39057955
22746148
46818724
21650426
35125063
50146826
9428090
32406935
4466183
30425770
24037147
22197839
46887312
7837952
44683439
24778753
36337301
34189351
33856728
34055442
24182137
42084124
38902678
22343909
44415969
49512347
50468337
33126861
7652310
24035118
19823421
45846497
32247642
16513101
30917034
51571461
40295578
20688524
39952819
35310619
15836230
40227890
13147142
7291893
28607677
23634211
26106993
34139536
45422614
41614248
52611423
5869076
19462504
14890698
24967363
42788536
25992616
13430048
50069160
22862295
14944265
40906282
16825403
40797425
45184601
49536102
36178860
25248977
23412711
45467106
48797954
31605987
28881636
37178693
38383651
24962990
25792060
25503340
23514501
52953791
31222461
974427
31733307
32412384
22583560
9458704
24836464
13613211
40918835
24178039
48715040
44460935
34332898
43551177
38877730
21499295
6421429
28634894
12048269
27100941
36971200
29676377
36468248
24769193
36441134
44288113
1653387
36695437
36164702
27610367
41740625
20679396
35189297
32238694
52964076
25066463
9291870
26831357
38805373
6994934
35289581
50473684
44429908
30192195
9677585
46158284
29605717
27331321
24460827
33926396
18486829
37581160
45475614
33416445
24428976
44593574
32032230
46329890
44532389
27925378
38886018
8918673
10893831
50165668
9223182
40797714
31172381
50601986
37346090
14704794
45416891
16625848
32331487
44162057
11232383
31014654
36017204
4110390
52320787
11782585
43675554
40729086
11580064
38843312
39443882
39939689
11271423
18925855
36300932
30722325
11107644
39833145
53081378
51988654
21727137
24163968
19760391
28285760
21937977
21746100
43114655
45431713
31431612
43566720
37548631
51862900
45785406
47887785
45261941
19010464
18411056
13623987
6124097
12145189
27048783
51363885
8824752
51688136
22157691
21777730
33059687
5130753
39837617
28784880
30096719
17384054
42565257
35157988
42360275
46113337
38115124
44262179
14870267
40415415
11483242
44500913
27389854
28583186
5718337
12896533
49348879
28603723
39878807
44002150
33772698
36537671
22514963
49820046
39028605
31133644
44176368
42922254
31889392
11839529
35519145
30232126
40921592
31640476
25412136
38067850
39098565
36711005
39930613
52013393
12587017
22598207
22155730
19449463
35083497
52149394
31951675
32210710
17499180
21554958
271439
39826750
42622746
50967280
51502086
39670490
41365897
30557077
41895353
19832638
40615277
10162752
41835639
37540332
18706121
34383756
50251749
41564625
38747498
33313572
40668900
16598731
44519046
44679779
24697526
23277230
17399068
33774360
38033685
45559994
34042258
12339162
44652667
50979994
21731954
26068002
34555804
15935395
22028307
43940768
26772964
47932690
12193233
33174747
5353612
45197844
34966942
25976710
34102569
46464650
27514750
45354699
35087672
35012500
2448913
15975991
40928399
48243028
42849959
37913144
39893733
48184079
49142923
43887654
21805468
33071601
43169268
6564097
33314359
36431417
18472064
41418613
50955455
26332231
31167995
3282729
28237634
13857521
447142
35055364
34866447
42354037
51989137
30221476
27284920
39980872
52779767
33599313
47271313
51124294
49790013
39131883
36576831
40062883
33380946
26441358
51967827
8322106
29089949
33397194
36621880
23769926
49096894
25036166
26620318
35311688
39349826
33682555
25604646
43832796
29121214
42450079
34018103
31733824
31800824
23728069
18371432
45057898
50180051
49457689
568743
28378483
13687430
15250700
25414050
32649496
45048173
32008854
25305621
7156668
4462848
40312740
37457708
15767215
15222861
49499012
38255571
5461348
46435388
48908010
32198155
16387194
52638214
50711564
44313841
15978068
47568585
44189059
43857638
34104618
48368803
39883123
24951180
9104916
16936208
37623381
40915527
42698561
42785754
27651761
26098631
20477732
45282115
44554981
1935302
37114153
29260051
29304549
19525837
33266798
40097546
17990722
13582987
30279712
43086097
36395546
52793095
41041923
32737570
48463036
21925346
36037883
38437629
34465268
42447017
29309859
27801131
19064441
44006520
50083031
8083064
2490608
41798673
45526270
24960259
48749286
35899358
34134130
43424953
17844228
30464779
16423646
52755593
30871043
24298167
40536219
5503376
18629154
44087568
32676418
23608646
16883124
22633689
50526813
14214403
45488024
29823687
45536431
3490317
27687813
42926258
46748559
18409819
44063195
35701967
44035369
33483140
28995536
27774424
35604447
38558840
12341066
20900984
25007265
34942481
34436459
32436297
40162918
49789866
21641672
48170918
5332123
38479474
26799566
31093333
35496842
39349831
39435056
39521601
33154622
34536252
24438564
14090362
21811156
24973416
40616776
40944094
27473011
19985425
35206096
5690179
14073163
8114490
49324156
17923261
14926078
41151871
42301754
19698563
5299516
31272786
22745292
39700849
35552174
28862992
33751207
26355178
27566200
25318635
45070591
39456278
49932431
49948669
6812332
11194516
50195162
40716983
12262158
45267884
23335490
42108101
68974
44075028
24723998
25171168
18576573
14781093
42761547
30415627
42378243
45335934
2969361
40518531
37130448
15192602
50442598
26270485
19410783
35252845
49172529
30506741
24167430
40689014
18300294
45183141
47581751
38252079
29899671
37012265
50303678
13651681
34051391
40811639
6396516
10809582
23960258
42019462
24428965
11526590
21375687
44696286
27868762
51714820
7842276
47135942
18523342
31667952
14060811
45569011
15155170
20587101
20943832
46132652
14873238
22306969
40835086
24967871
17842111
39668722
44951419
40162527
33124901
12035626
33681548
41583791
14060588
42016647
42921613
49621571
28350819
40058268
43524361
33050792
52427312
17100847
40510637
25497904
22676663
30100772
41202508
24392338
44639705
31868402
35548551
40667322
28538241
45340247
48561933
52385364
14585169
42827311
50271346
45407980
22305896
40249424
41295029
50665618
39501835
24537996
45011020
6215198
5917524
26791458
9480950
26747248
30129734
39450999
46369853
29186640
19557698
53004917
29580844
33252397
42249744
5349550
21509362
31134013
34181328
45357634
1195260
5784623
13015874
21512278
5788192
13191838
42965074
24394585
42746488
33710072
37567721
12527248
32304743
49857999
21434140
37732641
51290882
19536551
10657189
37641426
7968983
23300547
11748996
45664070
7020487
24993881
4178851
37093925
20357440
27083688
28798473
38471655
21434692
17312576
36385832
38968673
35570751
38860555
44631837
11917018
25904829
30304531
45073335
15192743
33955122
45200861
10103689
32029275
42574716
2640583
39629741
18558906
30027892
44544182
43539240
47700436
42380792
33971382
13631014
36551546
37887893
20451434
23069470
31278404
48103983
32232168
18514352
24187013
44893354
12675577
30140315
30557920
31620720
43106694
41735779
39161153
35710679
9711346
31791078
39806796
24473230
47566122
40248535
13876189
38613142
47337463
40447202
45701598
33867324
44963429
49891942
30178142
10102085
51814377
21651978
37623723
29609668
30389555
34635072
35464139
48109162
33388703
9378597
32583218
3624236
16677256
34019097
13856810
48950604
45684462
11517189
32972704
36971322
25427184
9546039
24833117
15397990
12353119
41174759
32808328
33092354
40450195
49115662
30768831
27333708
32403226
40040311
45063097
45084444
16069120
48066455
38230027
27705293
30195688
45381223
24027880
40488178
39474542
52253807
48465379
11503739
19715617
37643714
35109732
25229537
45429976
16583885
23070420
35479015
45651950
26938638
35316187
199411
34832242
34653507
40382384
45063323
9325979
43555490
5995441
17151097
40787065
23755299
51521740
42481747
15486072
41627236
43784573
642955
25296394
43425706
23942086
45971219
19834069
19912065
8990700
27781410
38309004
35404901
39514209
30401659
50902552
39659185
24449568
38455092
34420574
37151341
34091921
12206123
36860058
33609820
43749671
43907288
37481741
9464137
36953139
44336077
24484360
37274894
39568351
38289234
17621876
10174662
42014469
36175342
19113743
47151527
51533096
11661741
45594931
34052867
43901355
10670045
37517133
45146470
33970850
48066123
22190588
42618246
34322399
34382739
17840126
40257779
44021024
6196536
45362371
6422060
44073693
24863420
41602864
22203112
44277892
37660591
12439398
30786156
19968186
29021531
37463695
48485151
34091974
48503504
31275179
19994431
45263080
36209589
42344255
40584715
40529147
13039289
45349413
45751921
13321946
31576099
33178942
37164852
25023166
32312609
38543770
49966432
18790389
40929375
22057103
45756912
19499351
520189
4202434
41087054
21106674
30366581
24136062
39773870
46270205
33629143
42754328
33108832
52027319
31473340
44298801
20547966
43994174
49753797
42300729
18969730
52562428
19237710
46009611
8567406
42792227
33645683
50027063
44088252
36991984
48863697
18884298
37553214
37569987
32833910
50128081
44586203
17273321
52623783
51499702
29323716
38995326
35032943
44390412
28533268
5977917
44177156
29812124
42729
37422687
38280748
9994644
20907166
46436269
26496151
41560898
28573834
23943168
31899528
26596042
44291179
13623747
25775949
11518288
11209161
44405913
8063187
9541663
34469158
40740800
45775493
13494666
17049231
14195614
32336227
36107017
22643473
30385260
24970982
44642468
37633552
13730290
48879931
36217180
4102498
21042605
28219460
48569389
20883537
19819308
41295524
39174155
50384702
44311458
24172512
21421719
9937558
41577586
24908186
15214261
37485501
4042700
22551180
34599363
31477860
41617032
17635720
22409064
15969179
27548089
24822712
40019904
39552248
35060094
33728612
29299460
32413731
33603062
29074837
6365174
18112384
41084740
41287181
6375124
7095888
15825854
18822601
17568882
1633191
8490
7859388
33713498
24372235
39940326
34652720
23264117
39686125
53005515
16825239
26301165
36717191
43894383
32735001
19891685
12136998
2320422
30285774
30660100
33561899
28582262
48976970
24946755
45918471
15462208
39355787
49844243
35585495
49247483
9764490
40167896
28027599
36415149
10008553
41127414
6105742
19671146
34418457
33865785
28510972
45636411
43472904
40533368
42877124
6219067
48937653
45331917
20388056
17317782
44390695
33391877
31663391
18942038
35061377
45670010
23433378
32943764
52165827
32722128
18799671
17819791
35047363
12427549
25042316
20154430
10305489
21172911
49665712
24165160
47833846
50074337
46400961
21876398
13340506
44279911
44046609
32749511
42528808
33873780
33310092
50231254
23719774
45729145
24206044
26511626
6725282
30555211
38271524
52304392
30537676
29295151
52721532
19223342
15855954
21181797
22623197
31110549
33025105
16063885
42699337
2000576
52266674
39210165
34596961
33032251
205867
20325613
29680492
15660868
45516847
23670428
36291443
531258
29573034
33773269
49969003
27665037
33472188
13613111
1296050
26554466
18729645
14203693
41361094
52986067
32855091
44536707
12450284
34468721
47289019
45887998
15481779
19559541
29792711
41321794
45827706
41360714
48118337
38255424
1465446
46201156
36398221
36761349
36923041
9489731
35580936
3700984
31891383
44680511
52616410
51326534
43674899
30579047
35751033
50230523
24607763
39387407
45659035
21869057
45405602
12354745
47220681
14475457
38866031
33603905
40203774
1818820
16581172
11290301
20950889
24019375
37558386
39579248
29647110
42814909
17988142
38057563
49060074
25318478
30523500
1208210
33084238
39413826
15143958
32865945
37930085
44022873
11403317
45067068
50747708
16939260
24916571
42623983
45077634
38162199
50940627
49199110
34033355
27997164
41856138
49811554
294490
33068169
32176524
29819443
15651482
27023199
22136813
14095037
9937667
32559224
28383403
8966105
30278512
35536942
50484848
33239297
45480607
12913295
49744525
45074072
12179521
24845400
48350981
46466579
23136177
43455506
45342187
43860575
43871046
43749727
29028946
34395176
35953292
29299465
38552437
18240963
47189231
45631586
40429055
13621619
956412
46838603
23177595
32929381
37555803
48544827
41865807
39879688
39357161
40714548
32395824
50399977
35917364
45880312
25578225
11107703
24215466
19134508
37958335
42874608
52441110
19570586
45654492
9206258
52027665
45434866
16188541
41038471
45747573
15546047
45513709
33986452
49361377
45054356
51524100
42018495
43975237
36097243
52021685
28653256
48127817
31064880
24411312
20420152
45563960
24011393
31819664
40818252
44903661
43858013
32832202
19241807
16552438
2209835
24006752
42788375
36452965
17197569
12858718
23673750
32273885
32276334
40031317
27485127
14772429
33741163
12600226
47021381
34900638
45191444
24713333
50231277
31879887
31801680
21228880
52789385
23179902
14667336
25354678
39101069
21933793
38250285
48465451
47785891
24977735
47730353
40277411
44238933
29231538
40604365
40221735
18553511
43575242
47046741
15235717
49597879
41072835
41564019
28142296
44643198
37530767
49590874
15993543
23742000
27712922
17247562
52372345
43633900
42076501
27159248
23118454
26631562
13101855
24369797
31111098
37274733
33161019
33596904
52737601
49824692
39020452
42684382
48297587
34308800
26689797
23781171
29862080
39817032
15302793
22094904
15550900
36778284
12016452
14768021
48989418
11100541
8136637
51492949
33835992
14494899
35419979
41989601
35591636
39383347
48123819
45617300
39085688
23729390
22549758
47735517
2320439
32353821
26459377
45821386
25190892
23605834
20576553
26383016
32836008
32040793
19771515
43952055
24182500
20491513
33841016
43746452
15952250
19536575
39862006
30492585
31709777
32168090
38381173
37168584
23461573
44698145
41250868
21913811
29855428
747538
18520456
29943061
24753493
45423936
22509789
51782200
20896265
32251869
48583538
42789067
29667760
38675905
47582161
11497266
5060152
36522114
4349233
10473625
52844661
43614520
703593
49338271
29072825
50547997
37808272
25924218
38848514
44176398
24039182
17871125
22621394
8058213
50312904
42184763
16903309
13305344
6021135
24216126
47290538
38021015
47120135
42239431
18600259
25425027
32183809
39349819
27570074
17897613
27608311
42356796
20164634
41224645
45056952
22432782
22185776
37316449
11231759
25508677
29910229
52241459
18731369
24932985
30038080
52814323
15641761
42130045
33936746
20710208
33184625
34105261
45767989
13454099
45233189
6306535
29034966
50122501
32230419
43669668
17257339
50081869
44838855
16422375
32174979
5895793
48582617
36119987
36651667
33002210
36600016
11402677
24200751
43795474
30744454
50487150
15605778
30435656
277581
30539307
49979956
17835280
37418957
24140198
21277145
48980681
47404677
33485249
22966639
40296367
34636541
31681846
50814793
44203344
6906551
9158110
13744447
40479483
45192589
43185808
43207089
33243074
23915849
9356063
4369904
9897057
50225528
50892466
27933214
39585946
19763970
38057374
32656566
38696717
15931558
11031031
21160188
51473203
13042637
16263637
44732082
6565853
27836864
26786964
33830012
21068985
33885420
16569168
40656674
35222327
9582313
32337810
44246231
39333042
42502603
25807610
22513371
13563825
19844846
36728516
19522001
45357571
24081986
47988573
23851967
40459338
23744530
8366787
50885127
40282916
32378068
13476393
21034899
49543995
13164723
37947555
23809632
40357957
34996355
3760029
16989663
37513988
26021624
23747957
22433563
47076023
7746313
33840899
37494030
43680156
40887305
21908549
31614341
42656423
45189759
45298444
38151405
38401697
34997119
20992531
11522815
26103478
38823511
41210392
45458578
26550884
33759095
27492729
24678457
27551104
42084286
20055087
4144879
21847866
30580616
40177433
23427054
30292762
36196684
31862319
13022716
47550927
10073940
23298670
32677586
922202
32888590
46351532
48437845
14547904
44478978
45426051
20897137
31895980
37074370
35510968
45704703
13438841
7024138
45270114
47546593
30303571
22074854
34948313
32403757
29896719
23755710
23315248
48271744
37286539
13060595
9525227
38437485
49920368
13732215
33475698
7092013
44108395
36310980
25648109
23823207
30537753
22562310
7431528
44349253
1651958
38529246
22303888
9768360
45078171
31410637
22082795
41328498
40344619
22728879
13770273
35520176
11118954
16659292
40279672
33934386
32302139
17265284
41899273
22871505
42108441
37523848
41705228
35492727
40128626
31691074
35310147
21995408
38242959
43844062
24303386
44458267
45810020
16299075
36780287
21853850
45593904
51159132
35513360
2618140
15798089
8595555
39686483
19686121
38836690
49949089
12177702
14882965
27730757
46414339
31433214
33424150
40258124
39839813
8388505
42310158
38021972
10217879
48677117
35874322
29630764
24258225
45836798
42374289
651648
45273185
37671932
30927311
11108135
41215633
31042258
28863960
24099061
22280831
13818165
50168680
38317159
34968945
35987470
9656826
21932846
26300830
12893692
1414305
45575875
321378
35254823
18752674
31981157
45309361
35823870
1258651
36089730
35545182
43765129
33004183
41431376
35818662
30171467
35739580
27725246
42933134
39797269
43268746
46934135
30143809
41107092
37928936
31559895
17791113
21365714
40519874
37624237
25017274
45442640
39712980
36300791
25004864
26939849
51047557
44249796
17821703
31919684
6485563
50039256
34833180
29342303
25667887
24168329
26683288
25542784
33087088
25934330
17924763
41753654
23342025
40446581
1524955
52745769
33880071
30119373
27695919
16698464
45423187
32883897
34061633
34287923
27658681
374837
37992936
35284658
52885746
44784678
51946796
45919844
13881920
51212978
50164061
6850682
45203289
52760464
51712660
42455228
25201868
11779908
12950299
48886891
33368383
27122957
18046510
39573136
12260829
33900058
31663755
42097281
45611141
26794541
13815302
33921148
22966005
37772361
26733865
7257713
29862484
9768199
49772516
14111352
48465858
36697993
7234041
43103315
43964
49350342
53002380
45311187
32165425
13110148
36101714
44412244
32663763
14355410
30389613
44514919
36113393
39989070
36265855
39144531
41733738
36314658
47267476
16344497
37979817
853077
36969622
43847085
38444302
33993489
29174883
37144742
34522055
30254229
13349627
51445783
36354043
33821833
26832772
26651561
42345561
29267537
42041918
45591570
30113767
41588721
45662349
24082276
14734665
23561984
12214834
22313159
17897407
46411236
35705961
44033632
45543848
50380856
25120680
25188064
52570418
22939598
50155997
51789106
38038108
29527972
32686280
22054202
8323015
19534666
2147777
12067652
31165067
32175738
27659949
44881254
22668535
8338442
32954742
51226268
33216190
40988010
49454591
15293787
724513
23324168
33012494
38013373
52772214
39839841
26371716
50041271
31688703
9524355
18496255
45992207
18684833
43841473
44052342
22339698
35767745
19530172
23872787
45428573
43749539
699472
45263649
47430891
24995936
37582488
8740736
35249458
43567076
52555884
23588576
34103062
38280338
33344785
42822969
32968711
37512248
26148638
27731293
16066994
50432864
29900966
44160679
40956804
24987685
49377548
11511431
15264079
38343024
18353925
43958436
37522036
44602922
17413995
22669275
35183293
39541292
52022524
44209558
32466881
50258095
25561335
7111872
22884053
32960733
31654580
11040435
12790574
27455510
17898001
49974631
34194382
10096352
46775879
31374508
46357250
47858654
15500460
52149257
11173370
34224092
33234428
45691903
41276510
24363926
9606858
42746904
50040384
17728362
22940267
45294165
38065519
33642266
49381541
238396
38947926
24242095
42835332
18484767
38469091
37549259
23939125
26157426
43578502
15991857
9376881
18161463
16501834
22229473
28279909
26366913
33492568
42449953
8302938
33096812
22622868
38087166
44567180
39904658
45955461
40171116
40882251
50572315
29897247
30519522
51311538
27482697
17331192
12443836
50354450
23975000
39585440
30191029
24618866
35046591
37083384
44833583
37422414
29655708
41174871
18430465
44192732
35536596
40300131
44818994
9443911
44432970
18261483
20640178
44147843
28127408
40481955
10169885
1581579
4792744
36667483
38596569
42019760
24028031
20711836
14672067
52534722
17503455
21594032
43898528
34909999
28457664
31873841
22433351
42815488
3988568
45184965
26135659
40274409
32810556
38683059
42841450
44054862
24581064
42291696
31915200
17163611
44134679
45823925
34278708
50952005
17688899
38341701
48890208
48936162
9178971
2338855
31048166
34596670
47183756
25422792
29358459
36975376
49124895
43019576
38779846
15814017
25976778
39120856
50059103
36576397
23552382
33996721
42345804
20847854
53050810
29978782
47412929
48574177
5509771
11952720
34051026
49965742
45407597
33628309
44204163
42229987
28805678
40768015
28308576
9937333
5335113
43871113
9233035
34652108
45298209
27526528
51357616
38088253
45407549
12105439
50896230
36714678
25152284
18773253
46811796
29096163
18367636
19881229
40561713
13864224
256825
49590319
4137680
25473755
43985157
45474749
50685205
41905887
21299245
42765950
49462476
33181274
14464850
30980032
33608367
34802471
9060504
11391372
6207018
35327308
25093967
52112120
19515549
37334128
19312600
29634211
29322042
18071621
12935223
40415865
43710157
39413043
43619130
40417482
12883073
27159254
17543258
45663206
45225085
48080024
31079427
38682034
21202963
24463754
40079088
14323050
3435208
33105153
940804
29528943
44020113
47150260
11562618
36862465
33364102
24911441
35506495
27846079
52884648
37868810
36058002
50999924
37010214
32472418
17580285
44461963
34677950
37803554
52898138
19440396
9619045
40357390
17874185
4346474
24827939
25101744
28366576
38081258
7834234
2436090
15678385
39987747
45438462
48147551
50439217
10159794
36178230
11306525
43906250
36435022
36025783
35106309
30447204
44411857
15982146
24944794
42889506
15432566
25664232
30970607
24261976
16853376
39400711
35330473
20925270
26359106
713538
11292925
40481489
35376162
26475612
43471133
17730019
41131891
33492452
21535750
24274009
34018418
18265458
34443148
40591741
44699664
33184999
30504725
27948854
37393144
13325664
26666649
36824908
32002134
26597871
18484414
21495999
30227874
52545450
29085751
17246988
28337826
21953868
42698451
35536969
25485780
12389574
33843351
16184652
24216302
44600878
48908190
30922448
38255585
30439267
49533421
35890630
28956151
18637912
35680551
38303321
34077595
17151478
35659415
50011852
18336124
40171483
51210127
15852941
39242169
42178319
41531671
18764367
34523270
47070508
45430224
10818606
9759940
29308942
19487723
42061833
22687169
34826831
13374491
29213130
26290563
25291932
9537267
17368603
43413046
50312128
37086914
14537849
2961822
27994623
6844123
33959289
47145673
26013177
15444261
1080543
31981793
34255449
45603776
36648320
21238580
10218609
48112876
38933262
41447797
34582010
36781267
6826083
33938567
45930911
46016604
43882478
32012464
39545144
43733770
12556266
44787992
44937114
15771013
28097798
39663747
6383915
44421818
34600024
13742468
21513684
24412681
41807919
42332295
32564907
5783504
24991059
48255376
11103271
41039890
6618384
36307128
45516645
27638920
52791123
20026998
37512649
12105043
18617340
42023090
42718181
37676702
50600818
484925
37986391
36927753
38614708
24491450
26938238
36963007
26026004
27603875
23402391
37287008
10898803
20220990
45050320
32736985
16263103
44033344
16569915
50639364
66275
43686536
34256727
33820777
30762015
41515164
45312313
39332304
46326085
50321204
38110538
36796957
40160813
43093458
24156857
38357098
11294127
43867834
34026265
13875461
45760487
32827460
39738822
43202218
29256359
43619024
33870240
21382275
17275805
33274714
27586912
16087415
44853938
28334107
13339713
27164026
52778957
43905788
25308521
42442339
14685276
20162291
305211
29563693
44521864
41011963
39667817
44258096
29800110
46467979
51927775
52489298
49426040
44410400
41894449
42357974
49797903
51205263
9381219
43858682
47579976
37827462
19887405
34937322
50301129
32482673
25313204
15091078
49667108
12182711
42328613
40261620
40870831
40053275
24556958
44083820
28127422
37237021
16469975
43651236
42826597
31801770
36302772
45969642
3877705
38382934
30731288
13154343
40158019
12101019
46124981
48520815
38404061
33384109
45406746
38349064
35516587
8874028
20047896
6658190
45558029
45622121
34597706
39551462
29704852
52925057
52323750
48990665
23519371
38377227
45815044
34132088
34360884
50233995
35681996
25220364
7802509
41964148
43684232
38622872
35938640
37477616
16881896
34866076
38478453
18872707
9619901
10507195
45668275
41042767
16141034
23770831
28971361
25558451
44012403
12500986
21429062
4379539
35830048
11224443
6885585
6163186
38214910
38407733
22864714
43909501
33183404
22522464
27084537
37699796
24366011
24356861
38945850
47007099
21719395
41920726
4826253
519468
7698722
11138910
33952762
21484029
29126674
30768647
36760621
47747711
28005302
34460695
42786948
29047276
49339171
35552599
17042354
18024250
45824365
34409971
36742537
50132200
39971399
14335678
23153830
49423451
42002291
28488938
18573813
35196608
40888087
33653706
44168115
35735895
48994842
38562350
44320625
23823994
890839
51040232
40542384
20896905
42871724
35710796
37789743
32759465
25207154
10412695
37150544
12279980
14860669
39544001
47702253
35537372
17639373
50133987
22214594
27375052
40001182
34416633
38122440
10170411
36235549
9460108
24677721
29581436
35822809
29230470
33572009
18014187
39552058
33335006
33897949
1435471
45753446
35209776
43407399
17277394
39125687
10937741
16229170
1601272
50327424
52515757
34621385
24198386
13160573
557487
50416739
18382782
16298763
42748219
23165194
44516522
45069971
483505
37866441
40226384
33584606
24372429
27538237
41527827
44379867
40308903
34226607
39005916
45615196
37203111
22713399
27327351
31292896
23363995
35343317
34418291
35479011
33160186
21366948
11456350
20968166
41371887
24988882
27736231
40369295
52440701
28952946
20112641
12985666
29814549
14122237
30651639
26841813
24243739
30287993
8976190
30738958
23056291
22050355
23819530
15844782
7932311
51265906
21454124
36614831
6984545
9303957
11559962
520238
27094044
51022479
45119028
44511478
27919679
33453978
12691355
26616262
7004408
24216475
19455026
18318533
33237776
2106566
28488795
14488156
42197435
14941906
27923577
15026011
13872360
30793033
30429136
50369590
46376917
36974491
34679833
24850243
45461286
34698625
13069360
24330532
51409317
16980770
49506231
43284827
18027346
25791504
32334205
39948183
40627042
29872744
14676028
13906219
42403048
32330556
47846577
44470767
16624097
14381251
14034839
52406162
31849950
22856030
41964371
43004379
16209988
16596657
21472535
37379838
40897658
51517634
11686048
42820647
45792452
26529141
33671380
30494947
29018515
30364342
46195125
20335046
45077673
32123452
23071933
43720217
30259207
36063345
24743672
43254146
20532490
26495706
50288087
42676712
31506091
40886721
38341151
45983362
21497405
17887372
26550322
34595954
35780676
32894636
21601262
43689646
32764692
29775040
15478604
540057
25994797
9510598
45602933
26832989
29229109
14586040
36694051
12690882
4042600
40555146
52853673
47254321
25479299
37134917
50382110
20482151
39851324
40321967
27848471
34487036
44002288
11409596
21145431
31715312
37732981
12504103
14480359
37969966
18770769
30027258
979758
44497750
25445387
31845503
50748266
38913384
24889004
42791410
36151001
24459446
15049700
43733817
49269362
34603173
33787438
35612754
43810511
22803785
41851123
50454030
21160614
26484345
30306581
10240158
45813469
14221071
13593507
1259830
46604175
50718594
24149436
22443289
43285951
5886352
36625329
8919942
24898813
45778712
24893836
39955119
4302779
45707436
45670846
14999695
25077014
43826450
52390538
34070734
36469415
16280687
15171165
48144729
27544636
24914858
37378319
31877657
43811867
15844124
12236066
32548384
19929209
44561170
50417430
52025857
45196730
40140523
25793418
44405790
34504593
13911729
36869989
19241527
21750219
40872606
37180008
39125202
44419781
21880951
9548700
32985977
45008765
42780945
24646769
50706878
19771771
31944124
36278163
36488767
37720576
35805037
44669265
27284094
31014381
29822910
25112819
14690331
17389232
40909167
44054014
21510987
17539583
26149494
22557959
9062672
28461776
45752898
12530469
27040559
26322941
44238060
21448741
45579391
18553027
23187168
21393723
43751697
17301190
42972501
44361082
43918451
45522137
36094474
34243172
36740330
29245848
22561632
3167771
17500994
22843633
12913814
27262079
32482403
25063558
22160312
21421657
53045512
38408103
45095785
51224239
28986348
35397144
34427419
38514000
41871003
43221889
26084868
27869754
38365939
34940646
40466283
21879114
27657259
40040224
32948262
41334760
38062129
47769094
20453984
39546764
33509951
35540673
20276020
32062843
43624579
32564056
44623231
12958160
19093190
36457832
28103182
49055211
34175118
24775396
20765496
17479698
39632463
40469755
46843200
21932549
42399499
40645521
40463179
50198007
24773347
22189962
38280879
15172673
24253786
44245656
8757726
12526263
37208116
33818689
39449594
40298673
13937219
42573306
37270948
41496211
39982698
34814305
39797111
40470275
25616450
21917135
16995707
49260152
24296834
37971321
26120585
42570286
31726036
17902276
46374230
50618605
45707772
